3.847023728658906239e-02
4.586181429796137854e-01
6.485165598511084539e-01
1.269728481468494763e-01
1.515582117128334676e-02
3.052272114559712816e-03
4.909347337866542717e-15
5.881722690923939512e-01
1.437158667457006656e-01
2.221437306309785413e-03
4.825235045418333792e-03
1.530221445037311390e-01
4.410434370983921069e-04
2.507951579695245625e-01
6.871210191738492215e-06
5.985652177402391722e-02
1.561910767272328970e-01
6.519506697194610290e-01
2.461539573185323182e-01
3.054997760440607626e-02
1.039273188387034377e-02
4.176900753105462771e-02
6.210880032288204067e-01
5.630850877694612011e-01
9.785563371710029323e-02
1.862427800292398572e-01
9.089878481843207281e-04
2.953370127278927976e-02
2.773450773195445737e-02
1.667504026962574881e-01
2.350720231900508758e-02
2.060245445487061955e-01
5.140496739235470708e-02
1.509710414763769104e-01
7.692797369480562641e-02
3.506078999693882370e-01
5.036792532893266672e-02
9.633268147012795657e-01
3.854230655330896926e-01
9.807505634312305154e-02
1.784282112777005325e-01
9.371051878736441632e-01
2.315012776560082530e-01
1.135661931300518124e-01
1.191976869881399438e-06
5.941055650759358847e-02
4.426530144468133754e-01
7.138186785647708532e-02
6.138028089829297013e-02
6.344876439884438168e-01
8.145975723987599615e-01
5.227970612098737924e-01
6.070236454675628224e-01
9.139567219495676742e-01
7.768343758489038020e-01
9.938622845647029358e-01
5.969980577239658581e-01
5.604222511662554362e-01
8.856354197380703619e-01
9.127348867402551580e-01
9.616746502452397927e-01
8.744716875514029208e-01
3.452494415463754907e-01
9.902068678872434360e-01
9.349750830047747208e-01
9.729050661774808484e-01
9.460575049911630341e-01
7.606314140100374210e-01
8.000558167074646176e-01
9.410787812648379047e-01
9.953075884638185045e-01
6.920281682359646913e-01
9.081418264519828254e-01
8.714818190015274357e-01
9.475942469823640524e-01
9.375424730908047399e-01
9.908185412653101043e-01
9.263747635518055912e-01
9.895570191701205109e-01
6.040183144099546819e-01
3.051399884699949050e-01
9.946710424772878811e-01
9.009613362328473540e-01
9.867441368088086806e-01
9.012301276250409554e-01
9.656321403798374670e-01
9.693302020840185440e-01
9.135680377991984846e-01
9.356113024415674273e-01
8.652346337598154635e-01
5.955460077509824313e-01
8.233140875185818164e-01
7.916148186689030419e-01
8.243916470856834655e-01
9.214254091079625564e-01
9.422209249659572183e-01
9.649026349676596004e-01
9.255632971928919872e-01
9.461846560991191701e-01
8.293872865361187063e-01
