1.345261018864477194e-03
2.809525852863999917e-01
3.191758482354800641e-02
2.334369859203952804e-02
7.163057821879536234e-03
1.008327040069224301e-01
2.218959904753333226e-02
1.790954556849187404e-03
2.410848378054916002e-02
5.553494668634208903e-02
1.070115242188622194e-03
1.035103648784321817e-01
1.586099342838134113e-02
8.475854784060554009e-03
3.900595464406516255e-04
5.536190810640557736e-01
2.309648971288249808e-01
1.434390481289084447e-04
3.232767431717168544e-02
2.743299401724291764e-02
4.316281919743057693e-02
7.125340335304194538e-04
4.442498787605611392e-03
1.166470527523352438e-02
1.968294486131045573e-01
2.117654528003970749e-01
3.084605086361442150e-01
4.996352672029885644e-01
8.838479858473120843e-02
1.806159738310447738e-02
5.817443892033024450e-02
9.322244481089697610e-01
9.088465402337227994e-01
1.184552661991964406e-01
2.211412083393213615e-02
1.863738779330883014e-03
9.106357405388757972e-03
5.948833111923773793e-03
7.974686857605739823e-03
1.828373357827245693e-01
2.899327588150946849e-02
1.527045939075715288e-03
8.218927311469691188e-02
5.864564339242746976e-02
3.938580548150450930e-03
2.705464203588415217e-01
1.777602042837323759e-01
1.380299997347111084e-02
2.354079523390314511e-04
1.829586177635002947e-02
9.849039847542254700e-01
9.892535599302370031e-01
9.967745810235126847e-01
5.915429727089964729e-01
7.369979919892037934e-01
4.911358668630665392e-01
6.550490414961018804e-02
5.648508785945669519e-01
9.937047096716148387e-01
9.990880164672808483e-01
7.680310066063478214e-01
9.985995496918274039e-01
9.458781673590135330e-01
8.735717244232433787e-01
2.200671163066895974e-01
9.946606101585939719e-01
9.215890447526673412e-01
9.977110308235153102e-01
9.945679489660634864e-01
4.131849858161877331e-01
9.898966098253779711e-01
9.967219161209328604e-01
9.998249371625355097e-01
9.881765113223064390e-01
7.612642316269634390e-01
7.598659282914410618e-01
9.959116403483265767e-01
9.904456888626138600e-01
9.608702972409468579e-01
9.297029113349586371e-01
2.295480358810248200e-01
9.664733397108845603e-01
6.908506232121177648e-01
8.981950981374854370e-01
9.992210500279202767e-01
9.942491947606313385e-01
9.442409806545229989e-01
9.945723991732067226e-01
9.905588901494741805e-01
7.281471307984541674e-01
9.398187477623103359e-01
9.429751568332038758e-01
4.354567969816636741e-01
9.994614705985963576e-01
9.435173125259223026e-01
8.902726175381353579e-01
9.869587545497250369e-01
9.954498464170319361e-01
9.996325110529676872e-01
9.369800885420376257e-01
