1.281251908427132880e-01
1.726280958960409195e-04
2.606736295949286440e-05
6.696183058718237712e-05
2.102302431779219704e-04
2.092888631328063825e-03
5.703570815296417221e-04
5.607811655592201518e-08
5.839417385030637540e-04
4.059833747341045314e-06
1.085993331008530612e-04
2.949780143630238933e-04
1.862019530427998530e-03
3.459228868832508932e-04
4.731772237576121463e-06
8.443283077593337349e-02
2.056114605315570969e-05
1.436798076114961937e-05
2.056242978650701068e-03
1.486156394398988580e-06
6.688798157300573881e-07
8.804507392625483819e-04
4.801571147838027331e-04
1.146813409828069223e-02
1.369792951385373571e-07
4.242106365316301732e-08
2.321340214431185520e-05
1.685932580026826277e-02
1.583168693441744135e-05
9.293945121504111340e-01
4.146542253230455291e-03
2.766349778196525738e-05
8.665205817661674492e-07
1.299005423433425206e-05
5.470809509181702966e-03
1.126328036590302627e-03
3.172328355214154572e-02
4.271652185976666516e-01
4.486191210988447738e-05
1.106512359809533398e-05
1.031036521783728569e-03
2.448313641346998312e-05
1.994413634656620818e-06
3.157749746354963135e-03
5.533192538893905692e-05
3.753243720880300623e-03
2.468412978438032728e-06
2.752346953012663272e-08
1.703736402541229157e-04
9.586992885181605528e-01
1.276076606965972178e-03
2.766457637697498223e-02
8.692100377585518470e-06
1.430845630171000268e-03
1.460547227217946949e-02
6.612632004214768655e-07
5.372313314867347561e-04
7.193710363595674914e-04
1.163975221943565558e-03
1.116351996446836900e-04
3.354781048718340924e-04
2.548862758987423819e-05
7.520471296866293454e-01
9.974952179622272874e-01
9.707078106211811663e-01
8.011184262723303195e-01
7.794146783340915041e-01
9.928068652080986878e-01
9.444963838749567131e-01
9.995912464991915103e-01
9.999631897048905094e-01
9.987757341250708132e-01
9.971670610998157880e-01
9.813085763003548401e-01
9.957093519508369850e-01
7.462509045800771457e-01
9.829993938072171256e-01
9.795258643805323517e-01
9.985516805160612464e-01
5.074758523373772423e-01
9.927710455679579216e-01
9.999650660611666408e-01
9.986710626256652956e-01
9.926976646506406876e-01
9.611373148190850424e-01
6.592806569041524956e-01
9.889545459676268857e-01
9.964442532915732675e-01
9.998440653611226914e-01
9.838096554649028436e-01
8.025539465897679747e-01
9.928234708708317813e-01
9.573745380975341446e-01
9.957447016505149850e-01
9.521114252769988795e-01
9.998327333664719374e-01
9.986982121072276453e-01
9.244097352763898101e-01
9.997098208675347930e-01
9.994203349044565865e-01
9.998633803091705463e-01
9.852382725763164650e-01
9.798792307632521181e-01
9.993518443803640627e-01
6.810846225862489112e-01
9.873447885374398991e-01
9.744878564661997311e-01
9.985506373548215242e-01
9.292691305502897015e-01
9.193138542507323097e-01
9.994133555719898476e-01
8.710769672526379459e-01
9.923617924578667093e-01
9.112955120796082387e-01
5.307463346165982587e-01
9.942904914086256873e-01
9.992069690876114185e-01
9.047915993151082192e-01
9.992971372381600492e-01
9.876685087470779001e-01
9.661677673134735356e-01
9.902797281033572929e-01
9.085827642510272417e-01
9.990394451941999598e-01
