5.814773547106721896e-02
7.565006880828293104e-03
6.940038204105718374e-03
1.191586077759747980e-02
1.195899347769263481e-02
2.672793998663218137e-02
1.389078311839135778e-02
7.292062270514528726e-04
2.281304873077111620e-02
4.364658415627871955e-03
8.889681409269295509e-03
9.491111600661832765e-03
1.177478464125313561e-02
1.233133825673676104e-02
3.736208654716158869e-03
8.495805424342769974e-02
3.205212519656793976e-03
7.112305682250341481e-03
1.812703318045046433e-02
2.303090581385337267e-03
2.471335774264397239e-03
2.503436718540080069e-02
1.393840755475117717e-02
1.839294641610191711e-02
1.210979213906730268e-03
1.540661501443511524e-03
5.660211506726907892e-03
4.424571425175346379e-02
3.117041010719937173e-03
1.014375897276182797e-01
1.509796250320907980e-02
2.965880874247259387e-03
1.239166188414584811e-03
3.636606480173693035e-03
3.731682434900671780e-02
1.234753269565259590e-02
3.634090786242077237e-02
4.831977202599941484e-02
4.295515902848124137e-03
4.543472093351063647e-03
1.233014190615521095e-02
5.040615486648870533e-03
1.970133450651585273e-03
1.888067125217005732e-02
1.200988317173720329e-02
1.927900208565848372e-02
3.084108507206172797e-03
1.047528067157521992e-03
8.440074118365550535e-03
2.025290611969187970e-01
1.078827275614227012e-02
2.131916587359819482e-02
5.020449169526864514e-03
2.176370007027569539e-02
1.183177588296605888e-02
1.386241695734572463e-03
1.284657038743292068e-02
9.627510396360139736e-03
1.794229039871311424e-02
1.012424565750738407e-02
5.085581325027834117e-03
3.713211761472547459e-03
1.100956964423511070e-01
2.218501918444493737e-01
1.310375468815246913e-01
1.067255144071784650e-01
1.010249872987260267e-01
1.287700019524317951e-01
1.227229520482162328e-01
2.552246781652328100e-01
3.850392001744982751e-01
2.059237099870096510e-01
1.994648165239049920e-01
1.551511569847499605e-01
2.129186643215079111e-01
9.937293286503952328e-02
1.530721739095158851e-01
1.260138168078280274e-01
1.660286297126548904e-01
6.793878519977454566e-02
1.558186592107028978e-01
3.934838428858794535e-01
2.085013846746186228e-01
1.726930124755084450e-01
1.043624208359964084e-01
9.382866964080574523e-02
1.165291093527046073e-01
1.854612616986520135e-01
2.777956623348737386e-01
1.661340922568098066e-01
1.083225528365074214e-01
1.590798949207453128e-01
1.253199232744111602e-01
1.709773094587188624e-01
1.370583927214454878e-01
2.408634969415086591e-01
1.992383237040259436e-01
1.059163883129966427e-01
1.896590782073157566e-01
2.314301598924065062e-01
2.947510147384461154e-01
1.600532111030559812e-01
1.439182018751750947e-01
2.281081668321158773e-01
7.446672337893128768e-02
1.452053887518929554e-01
1.537639312107824396e-01
2.029662435243569374e-01
1.209944671448148490e-01
9.218046027483169091e-02
2.246482689380481512e-01
8.455879619961068072e-02
1.892616805047162010e-01
9.607557567108131191e-02
7.507959709431448470e-02
2.145776684824881042e-01
2.674766155384359911e-01
1.221464150420232403e-01
2.150373832765989368e-01
1.570365410305526455e-01
1.387473665357978059e-01
1.393112943990009733e-01
1.133427001717558225e-01
1.860127675988902662e-01
