3.385696443379093701e-01
4.404783210053465209e-02
4.040890410297608842e-02
6.938101222288542425e-02
6.963215567348146617e-02
1.556254781351153471e-01
8.088014884618997813e-02
4.245859119735516905e-03
1.328307238874974483e-01
2.541355799093631893e-02
5.176085102249967235e-02
5.526272438599756642e-02
6.855958561151828667e-02
7.180016167390042281e-02
2.175436111400903816e-02
4.946747792637676278e-01
1.866259543929403575e-02
4.141194469146872864e-02
1.055460393614182230e-01
1.340992134432490192e-02
1.438954186872123779e-02
1.457645207594223669e-01
8.115744577528810622e-02
1.070943395469697579e-01
7.051019243165683285e-03
8.970619618512643001e-03
3.295701511305473147e-02
2.576240607881749578e-01
1.814921007390277174e-02
5.906281370778919682e-01
8.790904329338918022e-02
1.726906859927751503e-02
7.215140061573727115e-03
2.117441982245342122e-02
2.172800685239059115e-01
7.189445503510473456e-02
2.115977200181534956e-01
2.813455742824514938e-01
2.501097041343527255e-02
2.645471432796371938e-02
7.179319583098980884e-02
2.934936982039523801e-02
1.147125294358574896e-02
1.099341547683986148e-01
6.992846481559256144e-02
1.122534665615483873e-01
1.795745804931429476e-02
6.099312419620707935e-03
4.914297812788361031e-02
1.179240974081444682e+00
6.281554458616663006e-02
1.241324765088493154e-01
2.923194989405949323e-02
1.267208109236955538e-01
6.889142148235320728e-02
8.071498470043866544e-03
7.480014022556834286e-02
5.605691682313337226e-02
1.044703603620540516e-01
5.894919593485222625e-02
2.961118685908106438e-02
2.162045994136164301e-02
6.410406267010747561e-01
1.291739737421860656e+00
7.629761551877624060e-01
6.214174836197734475e-01
5.882257278271909584e-01
7.497732011269767627e-01
7.145637898097887408e-01
1.486065240763438711e+00
2.241920239939489079e+00
1.199006576717596140e+00
1.161399174728435790e+00
9.033794972992407191e-01
1.239735234196775115e+00
5.786065143271498235e-01
8.912744590778165499e-01
7.337251019778320282e-01
9.667144155543899720e-01
3.955787814519876044e-01
9.072660801455856294e-01
2.291089819050195153e+00
1.214015285055633608e+00
1.005518294733377394e+00
6.076581902706730265e-01
5.463246169714293110e-01
6.784996662198380379e-01
1.079862403979875873e+00
1.617486525199774094e+00
9.673284792969627510e-01
6.307163622197994313e-01
9.262548749027013084e-01
7.296848537220040898e-01
9.955284824822544509e-01
7.980329913331640768e-01
1.402446162912885486e+00
1.160080402933621802e+00
6.167062849512032763e-01
1.104304512186157883e+00
1.347519835279312961e+00
1.716210363478184231e+00
9.319220829376078097e-01
8.379747556441713430e-01
1.328177276195903200e+00
4.335882015897103425e-01
8.454694998421399266e-01
8.953022689582976756e-01
1.181786501674435774e+00
7.044995540446790105e-01
5.367277916727053455e-01
1.308031755653269901e+00
4.923500687174482415e-01
1.101990633619093440e+00
5.594073994627547508e-01
4.371567057483046193e-01
1.249394913016385500e+00
1.557403084710254904e+00
7.112068589241220540e-01
1.252071637622736100e+00
9.143572903406465002e-01
8.078671707554364589e-01
8.111506839400889346e-01
6.599465546606497757e-01
1.083073589333548359e+00
