1.200611583941430226e+07
2.830417541466562077e+06
2.053196576409826800e+07
1.606422684002129361e+06
4.785461705400090432e+05
5.704454420927985571e+06
6.888447529710807139e+05
4.823033269820655696e+05
1.907911216829492711e+06
1.133248086984549736e+05
4.191890989280487411e+06
4.964729904660302564e+05
4.190266231634174008e+06
1.847824128899940988e+06
1.463541078545596683e+05
1.168137227144489298e+06
1.589934925769249909e+06
3.150606493585571181e+06
4.078457473640965181e+05
1.231056903542177024e+05
2.118149680234530009e+06
1.181931646256359236e+05
1.183627246875939192e+06
4.787988000678553246e+06
5.787770102260333952e+05
9.576938004734249786e+06
4.095823808605453232e+05
1.099307609303947538e+06
1.744454101017644629e+06
1.470586643827613909e+06
4.950657214922659914e+05
3.469261267194073182e+06
5.676359436179229058e+06
2.496807469032372162e+07
4.650984928697482683e+05
1.463123360137609206e+07
7.774849230107575422e+05
1.288816691863917513e+06
4.542521962451987783e+05
1.017595565340343118e+07
2.684985008998936974e+06
7.236556911287573166e+06
4.600585768731154967e+05
2.036900947136619652e+05
3.453328623988293577e+06
1.084952462381749041e+07
6.563994944625559263e+06
3.444777894397727214e+05
9.951764426579868887e+05
1.477781386744944146e+06
1.527914005249270704e+06
2.278955450152318517e+05
4.057207199612899218e+06
2.184980040603131638e+05
2.127748417376204859e+06
3.523662787224703352e+05
5.847295204737693071e+06
4.574818552862151526e+06
2.960111355039709248e+06
6.965430285750193289e+05
1.098523649036431871e+07
4.080304846092870925e+06
3.985822258538210765e+06
3.187951098777246661e+05
3.457275734291655244e+05
2.808261255062779877e+06
3.829066697258480126e+05
1.382955742566884123e+07
6.569917453417944489e+05
9.052073984789678361e+05
2.675306571234899457e+05
2.525188496267322043e+05
3.448491020483114989e+05
1.606931713791533606e+06
7.997177913888123585e+05
1.960372773035611026e+06
8.544074701860778732e+05
1.070531754949662089e+07
1.947739115447125863e+06
3.754172726481874939e+06
2.219807719223275315e+06
7.460406067619953305e+06
4.392676088062819093e+06
8.100277128337667324e+06
3.009962278993827756e+06
3.101012745583877550e+05
4.324201641016958165e+05
9.320158361970747355e+05
4.433889672493920079e+05
1.482527839835925493e+06
8.788507421936686151e+05
2.237504575821564533e+06
2.913652908042771276e+06
2.157409948679360677e+05
2.968833320067846798e+05
1.969697567094054830e+05
4.728214200182372704e+06
1.979723440843518358e+06
1.152615128123964649e+06
5.433778242394734407e+05
1.659683231400893303e+06
3.155099116020614747e+05
3.471445797117734328e+05
5.756303488175226375e+06
6.790652453144522384e+06
1.080229299291554606e+06
2.615077373291970231e+06
2.730384636772735976e+06
2.601118513710948755e+05
6.457857934518710244e+05
6.699259230709334835e+06
3.388476454055759241e+05
8.309796612839823589e+06
3.907751414756882004e+06
1.555745644293495687e+06
7.606080468829533784e+05
5.324034512126208283e+05
2.419796871874174103e+06
3.747639256725830026e+06
1.438888276033626404e+06
8.534080558710077778e+06
1.468038891612060834e+06
3.825291863845977932e+06
1.699648064935124130e+05
7.237063938468850683e+05
3.115724811018462759e+06
2.616708720816767018e+05
7.606546603806128725e+06
1.573845996016688179e+06
1.604192020968597615e+06
7.579406033060224727e+05
9.451524226201921701e+06
1.160392286580460705e+07
1.816592962717338232e+05
1.529940453333764744e+05
7.230885961944722803e+05
1.108076099548347667e+07
1.405580422561127634e+05
2.084030966470887652e+05
4.756333723798572319e+05
4.300520043104562908e+06
2.673875781022000592e+06
2.652656129791628919e+05
3.633941083517185180e+05
5.173760857695912011e+06
1.337050085203813796e+05
2.412591938602489536e+05
3.474309548456306104e+06
1.905063695145993843e+05
1.563070525582890550e+05
3.701597241102076950e+05
1.342659745078325504e+05
2.400293952752502810e+05
1.259742921566124540e+06
8.208733856171910651e+06
7.417020635043656221e+05
9.062491725475698709e+06
5.473305437493792735e+06
3.092521818991786800e+06
1.036037908753589168e+07
1.974439997022298165e+06
1.461165726858356409e+07
5.369237539571636356e+06
5.573561801848444156e+05
1.031325878391582519e+06
1.835766329220626876e+07
6.595887508899850945e+04
2.303134030749609694e+06
1.118779711915695807e+06
4.045111261277665850e+06
1.157073196786603658e+06
1.377274230059248395e+06
3.982174817891607061e+06
1.278377196241004160e+06
5.428742157938139513e+06
5.490527931120802648e+06
1.506884593465681002e+07
4.158534989714509575e+05
5.510033219589714427e+05
2.270392920869429130e+06
2.108767338649747428e+06
1.901991529557491303e+05
3.337129390342674684e+06
1.027567129327722942e+06
8.822625869892843068e+06
3.703525614170710323e+05
3.314039290471261740e+07
5.371436519323032117e+05
2.770141435548339039e+07
1.133199115593873896e+06
2.084505684512364445e+06
3.286764625630869530e+06
3.828358305483262520e+05
1.150643194306079298e+06
6.971494618975903140e+05
5.106299463504196028e+05
9.408074691891092807e+06
3.054810319733028882e+05
4.350094327476126142e+06
3.138861435655021924e+05
6.132672154784603044e+05
2.071563878394011781e+07
4.362185716785782948e+06
7.366496354169271945e+04
1.566984273624484427e+07
4.428020438674594043e+05
1.968908723935315758e+07
5.697159397615667433e+06
1.225615803929745685e+06
1.558725726720932126e+07
1.820785714580935659e+06
1.797440767625436187e+06
1.043930738352033426e+06
4.721374149193338235e+05
1.787147586760741833e+05
8.152862096212428296e+05
1.519412791018358618e+07
3.139815996029456612e+06
1.958370990081639320e+05
1.226424150491022039e+06
8.752648652605067939e+06
8.848024543427493423e+06
5.682676129051835742e+05
3.347370113081391319e+05
9.110428789473719895e+06
1.805655243899767229e+05
4.498406368392230012e+06
2.719851694569017272e+05
2.253302329161275644e+06
1.806504339261809830e+06
1.116257590928336140e+05
1.322417784975449613e+05
2.599962642552513629e+06
6.821610853316156194e+06
5.021922005293642171e+06
1.636331179857766069e+07
3.603425967293017893e+05
1.367913293734466191e+06
2.579205975999519287e+05
5.623635047859151382e+05
3.172621880462067202e+05
9.582551195966688683e+05
2.181192369866556954e+06
6.547534500715865288e+05
1.331390093198136054e+07
5.726339396830925718e+06
1.160340398881722055e+07
1.425769114586716751e+05
4.014239463145639747e+05
3.277757177999306004e+06
